#########
## 2.5 ##
#########
#(a)
c(2,0.5,1,2,0.5,1,2,0.5,1)/c(2,0.5,1)
#(b)
faren <- c(45,77,20,19,101,120,212)
cel <- 5/9*(faren-32)
cel
#(c)
foo <- rep(x=c(2,4,6),times=2)*rep(x=c(1,2),each=3)
foo
#(d)
foo[2:5] <- c(-0.1,-100)
foo

